1593582.5155640272
1241696.888642272
933541.9126617915
718641.1210066188
587724.9138680013
501359.59544222534
439190.5233654285
384514.08758327196
333704.81429176324
291438.662073163
258866.0967148571
234739.22303651023
216996.36620950315
201951.5212209496
188261.60815566045
175479.42267520126
162320.8472478494
148592.1613740441
133973.44136413845
118990.86374906688
103510.91656904454
87963.04372091763
72874.84728321957
58948.74315555787
46743.91615476875
36668.090304075435
28991.65458631721
24213.283801030808
21743.867566681172
20630.820625447523
20072.6648821234
19824.27181576174
19677.497036241268
19581.204211659988
19579.539042144374
19517.658077492353
19535.86869031102
19519.15887460302
19535.934242519488
19522.51144447862

1752607.847560948
1345639.0845050178
1012013.8629156646
798567.164019926
673619.8110618963
594662.9894443874
540955.3428106499
491642.08709010645
441976.1384202587
398659.5728629114
362133.54877025343
332318.25780941435
307467.6929500439
284535.3957629347
261460.70267019296
239711.91241946424
217800.76310000027
196359.177795186
173980.69771064626
152888.37266304588
131656.72854411227
110500.31478617829
94280.99301199972
80412.07824005456
72951.04882401881
71298.16439154244
71169.32753824983
74575.03661173009
77858.12520982978
82550.20655896825
84256.06453022874
88085.38821468384
88161.48310552113
88873.56146566551
91515.79043719349
90010.41797169861
89495.58811633797
89759.31589720285
92143.96914310001
91366.40402017283

136156.96154338022
