1157101.1813173352
893455.2745697612
735185.9051467989
607238.7910065029
510210.1933872169
440305.5637899198
391839.31489843957
358861.99932063895
337039.2631775679
321593.02596106456
309757.22845296806
299325.45701170026
289986.19893959595
280899.8342780445
272378.6191755235
264078.15451673284
256121.69549240466
248336.27935676745
240821.88466253507
233411.35253606792
226255.90804439786
219297.3315419593
212538.26268049632
205992.77598457749
199575.85099812673
193287.87178040328
187243.26305524798
181207.5074474349
175409.66130545456
169734.172456209
164211.48363156343
158840.96600098768
153609.60382223388
148515.6968447259
143541.91337865143
138690.45235707736
134018.6084901468
129450.00948492173
125028.2546489474
120714.19239985633
116483.7366554755
112340.9875119892
108312.27005496365
104324.51251114711
100391.76800416024
96537.75600584847
92729.47700348077
88945.76306702872
85257.32971985082
81606.54124378628
78056.05594783991
74550.76125738022
71133.69131632603
67788.89214650358
64571.10376498128
61420.17758640608
58379.92007616885
55462.945925355256
52649.80597025316

1248383.5259088466
1000776.2148052545
836016.4419069119
705752.5190070063
612645.9894380514
548775.1823994878
504705.7512797661
473661.0546562773
453966.74398813135
438152.08792851423
427104.8146276993
413177.5961180377
401255.0907154363
386617.62226564065
374499.85017572413
361555.31163035944
349982.92961302307
338066.29099097644
326965.2666538982
315231.4321557807
304287.5422955354
293778.66991688433
283747.5734137901
274459.2171032724
264614.3668546012
255675.72196696952
247133.589325694
237973.70668832128
229753.46254030758
221458.98831836417
213522.2908032598
205933.45345447067
198455.48247528783
191389.68321765095
184588.57070430156
177797.9398384915
171537.2367636119
165511.53898562517
159924.72699462928
154252.00345545926
149169.7364259328
144104.4121761687
139424.3604233972
134185.87234944577
129513.15785461011
124714.4079743477
120693.64437380416
115859.01566815561
112044.0208437204
107900.72869707555
104073.4754317095
100096.68604443615
96518.23530960748
93383.49437775285
90513.2879136078
87309.79657215753
84493.19541645273
82362.70016973549
80041.91435710102

43635.75713997253
