1582350.5375642728
1275528.5766243646
1011286.7315553483
783490.1969482655
587066.504527802
432392.0871853372
327070.78246820514
267955.898452796
241902.8700699345
230985.60574887376
223175.1974052204
215542.79015150768
207735.54693895412
199533.35472948742
191082.5285038266
182359.85796977306
173418.53996337522
164283.2141864467
155104.12792723853
145854.0922681471
136684.10176140972
127596.05435788285
118703.7854058968
110058.29160491479
101738.69216643667
93837.66031352039
86183.00965283928
79034.58702905229
72314.74980926469
66075.38642540219
60289.69648377606
54978.29600117039
50153.520405655436
45791.36747834654
41893.91259902454
38439.38315492816
35398.677671521844
32748.94731991927
30428.649303159556
28479.43766781548
26786.61467694105
25331.689406034155
24164.76240039886
23256.741340802855
22456.221970500766
21840.464432291606
21343.12583577581
20968.7077479358
20675.60088069411
20456.531982658373

1738600.7952880801
1386352.702560337
1090661.2568896809
842502.2426413378
638417.8765206154
483358.186645171
391855.13121963723
350468.9789149856
340044.04368510604
336950.212017204
328960.3653416891
318413.72967635724
306332.33403145237
294151.3741104362
281565.8352962832
267967.46972610184
254554.4462572967
240786.5590172906
227005.0381744512
213440.90621570297
199983.50329174442
187179.61401697822
174354.4044590988
162505.27335255995
151074.75095076114
140075.8645721074
131215.19146048467
122600.21870635857
115126.9051376095
108048.0235465313
102049.26524933206
96037.27258100054
92589.82633578524
88465.28017136075
85983.2620971734
83776.88315079162
82265.50999045013
81252.99084920183
80604.45738366676
82083.8913784999
82356.17079513328
81851.14038070779
82694.26948727161
85943.66156593947
85993.55305405706
87521.55565965391
86424.6522049209
89499.59678113906
89585.36101257584
91002.51612627103

43635.75713997253
