3365687.207316532
2716308.5721771466
2670783.7088965937
2636708.9883048744
2594052.2461081096
2533898.667294599
2443885.8235205933
2306330.4164855033
2102306.4199811597
1803515.6734359073
1422076.9825128217
1015140.9812843639
653944.0790536411
516319.2867174241
487077.5660416483
472892.03704136977
462061.8510520079
452399.93555335875
443716.97780056513
435698.4165822488
427799.23623557604
420295.2129869173
413086.653631055
406671.8068817809
400292.25622160215
394343.1074354048
387631.65164621087
373677.6011433231
353641.3353673863
334110.3168738552
320366.0273022824
314025.119016036
312490.2901250011
313178.2072068546
314602.5526635918
315601.5330556876
316014.80052471155
315825.41662789765
314879.26530327357
313692.7542808397
311954.60714579385
309994.87255635945
307499.6531515418
302145.1190314059
296763.27218696993
291575.68309445085
285618.12077503756
278291.7221088863
269508.9395345464
259222.11853771762
246437.85255359823
231290.21389330007
213769.03425120143
193817.881162885
172274.89534313648
148961.76352808368
124754.27955760056
101055.9716338293
79123.34431073886
59572.86927902954
44017.77984999687
33106.39542553869
26393.996464686803
22546.568855595902

3740439.307369387
3085375.150915383
3033547.0226457706
2992864.516546821
2942017.1447256943
2870784.877922346
2764630.830549188
2604157.4020788264
2367400.5825379076
2025048.8513569576
1618079.333023676
1171145.711938958
781956.9152730465
639268.0476186719
605322.3422169175
591619.8098176918
582499.0015165516
574606.029410887
568241.6449625207
561675.275320903
555170.4105373446
548947.6941970184
543118.7751039321
536912.4460377919
531666.5122652437
527021.5379902968
520530.84982605337
510396.08388672484
494520.71035021334
477069.5103614606
464097.31035703403
457663.6024151806
456008.6741891292
456220.5233126756
458535.5390892387
460148.7922503914
460555.7246853596
460424.96993344306
457774.55041748926
456000.04925355903
452817.8748773229
450222.24908039125
447038.3918912865
439300.070492986
430058.23021404893
422081.2846607167
412960.32393859443
401584.0041434999
387611.7506985881
372072.575594234
353258.05879536143
331266.290393065
305484.022589631
276405.08065390255
244899.22225536793
213244.8953163316
182942.75871096778
154268.7970523364
128758.25811160359
108146.88943170525
90517.84817818382
81320.39363083743
76356.89810896925
74076.21341584934

43635.75713997253
