1638807.683439096
1355549.8711780314
1180486.5761489787
1021888.5021762899
878504.739459527
750420.7840093739
636687.1581206985
537301.7952448529
451005.81378402974
378834.9491230363
322871.717411161
281803.0798099871
253313.58335536337
233601.74282330644
219375.3855116708
208226.249586317
198856.9717514133
190807.7027701262
183553.17792428742
176759.28067139618
170220.70646453518
163998.83173623722
157978.9183739083
152068.31617477842
146318.72680981638
140736.39339372297
135258.8968941713
129902.89266890688
124717.0835369282
119594.0266539118
114626.23459180255
109785.41581439038
105071.7077823764
100462.10681529042
95984.9913949167
91609.0029222828
87405.62794040222
83289.75019680856
79301.80014049409
75439.91624491717
71724.52751529939
68119.71754196001
64630.62424722517
61299.34338648273
58085.393147450726
54979.51831351387
52024.2619099594
49182.746683698126
46466.57438934352
43847.988217742975
41389.17828750658
39097.627247454926
36948.19664871596
34961.88422884999
33131.49878978976
31530.462045119824
30124.464596528724
28798.81207419689

1825768.7087190414
1461311.5830300923
1266279.1569965836
1092083.3369289218
940051.4719088656
805917.7554139097
691077.4378003059
592602.104469591
508340.93957230053
439376.5148315995
386707.2751439809
350593.9506878918
324119.9133135077
305415.3309113243
290345.92112182855
278148.46350265597
266205.4400120534
255419.18617520636
245312.2583882198
235774.97396968008
226655.53907708445
218097.29923367462
209803.9186635886
201799.54025011757
194095.48128487775
186826.1211244854
180019.4183045304
172948.29093618278
166186.6323122332
160218.58776353786
153816.11275511084
147895.94335203973
141923.15780794338
136722.04662241976
131167.61340534306
126301.30339443038
121533.30015149547
117161.4125926752
112682.09631695515
109042.2359734277
104712.78481275575
101577.1018433195
97454.12002692584
93991.93096419565
90694.856227383
87479.76789052083
84989.74412905073
82929.81691665943
80789.69655054632
78505.74068594702
76224.09917356342
75913.52947577034
74398.13495186075
72960.68383303403
71912.86972171317
71326.36764754345
70982.70377702315
69884.83908671235

113551.35671021155
