2394576.8312112484
2130112.887835909
1832283.75019796
1436785.2427210193
921173.2636179378
567347.3978359448
480492.42684328905
432073.41010532476
391551.58459393523
358276.3003671394
331675.0145336864
310637.2309142699
293462.3235278093
278529.20402250777
264604.66211340384
250739.50267955379
236437.34171448823
221259.78597494197
203115.85139485702
182366.5750753117
156768.14537547933
126377.4281527328
94176.92541499452
64726.26220062894
43597.40773526388
31012.895847446056
25694.066893480518
23434.69642479581
22282.82717599612
21752.115088563503
21476.419469796954
21355.708118434046
21299.24143001499
21251.97790724678
21232.82697773871
21197.861149241602
21130.594389809277
21149.17816858021
21231.094606387283
21251.95837135681
21253.44721555327
21368.01503196853
21259.060712046234
21287.546831471984
21374.56409613888
21318.45038442407

2699814.601306265
2381885.3200813
2030298.793669147
1569218.4195438244
1008511.8899726017
662939.5182533086
593169.9896789672
551832.6024028065
511550.1969139332
477619.5530649341
451572.518490762
430970.24058254034
409863.31029595365
387824.7153575968
367555.90727230994
346003.53296907403
323113.5784991052
294734.9141161433
264477.3833795872
230819.1441330108
193341.56861600396
153805.9313756607
119427.23268810214
96509.80569843753
90390.4500214298
93426.18972729902
95731.5934801492
100105.02007938501
95190.18893971898
100499.93848343179
99418.36206992378
98763.84364268335
99916.9104241074
99531.21041023299
98211.66845277516
100931.49661088607
102325.27007044107
99116.56880704159
98605.63937371514
101485.26613100282
100953.31442541281
104806.80907252917
99825.19717034994
101178.96837055549
102913.10629768242
101005.90291784916

145920.26457730026
