1939057.1899145967
1722581.4165277926
1501517.9556974617
1277029.4169988597
1052190.1279882034
833595.1895855664
638689.0076840114
518055.8180601133
470832.8489899749
433281.45512257627
396798.54171180236
362374.26137993386
331666.2040360547
306074.45355237287
284916.54471004196
266965.80742424016
251186.8716586679
236698.35301921194
223239.47404546355
210588.8702383561
198083.04183399075
184762.5788280505
170923.6339518806
156703.0341078126
142439.40852576948
127987.67515813552
113357.848360178
98930.03165856755
85165.48583698305
72125.3379352878
60262.901079909774
49698.343917286235
40461.4173249791
33314.50687845412
28252.55955289711
25177.088023823042
23363.967615302212
22317.37782833289
21650.04871762752
21227.19170516061

2161459.079496892
1902074.4419135677
1637340.5283014236
1376278.364988623
1128035.1109914763
894388.7632759761
702653.6339462041
607074.7607046808
580944.2980101454
552678.5319530345
521596.72312050493
488229.4027490572
457673.5517620862
429259.2246905241
402742.0843950892
377589.8731982926
355314.80489014473
332634.15848690586
309869.56804527703
288176.3923987305
265432.42887140735
243068.48926986058
221218.87476282302
200200.0502138884
179563.2528644091
159951.72232758248
141135.70906033853
123972.67740215619
109072.4204390066
97452.2009130968
86499.44747026557
82208.490854591
78074.44068815597
78789.74511508312
79839.64434790547
80417.44698747355
83569.58613249773
84431.33560888928
88401.53923407702
88178.91597588344

135783.7438141236
