1427152.8653556486
1245552.8702712152
1082848.4639623081
934960.393362215
793934.9988847066
656796.4112649071
528637.7870861392
417427.6116359559
330172.3120620015
269586.79807001585
233729.81560885918
215374.96129861264
205126.20825881895
197338.75054892566
190393.0542461627
183779.1214597531
177247.31732836575
170711.07990961906
164153.1251824149
157514.63333277032
150809.1960921491
144044.54750745292
137273.72759478397
130487.84225145522
123766.34069324913
117089.16116798957
110506.17356017324
104053.64180263193
97707.04522390073
91535.00939585033
85561.25518993573
79788.99108202064
74280.7072438625
69027.11831744213
64035.46988362805
59337.73823519815
54926.83056701431
50817.09968526037
46987.97689553695
43458.82814453424
40237.39348966857
37308.86215197291
34631.44284950104
32270.792755951137
30181.370297406265
28334.716860354958
26755.49173674135
25408.45233557358
24262.288904081222
23316.645319525698

1549182.4678578633
1336967.9783633046
1155470.894431466
993307.7689443659
840897.2104545258
695360.971214039
564132.8545571828
453732.4500946092
373740.76878106093
325920.1344643849
303181.05419389415
294678.0570406611
287814.80129683396
279891.7726985534
270382.2526564169
260844.87930973206
250769.15633098703
240630.92930864653
230421.2808844438
220042.4081447282
209837.053280237
199704.6486620392
189758.87687284654
179515.36856921803
170099.28800375023
160674.98152248448
151283.90923136205
142571.45200523964
134324.34981721456
126183.60048092404
118891.64320724839
111550.4706493853
105185.73827164338
98790.03275620047
94012.83030028704
89987.29460077488
85497.96611105441
82174.38548690751
79488.37289771394
76913.16222542252
76020.89799217276
75460.65227371264
73642.02645290918
73936.84325973816
74603.66781833443
74599.5343770544
74065.47004093911
76929.37385678287
77378.4825749798
77828.78836107119

43635.75713997253
