1141044.985211365
1016364.443672316
901361.6273245593
793953.496771931
690003.4667702492
589145.3151987033
494643.86990571645
410274.19907536503
339326.3430654262
284556.7700120786
246768.66045658098
224260.0130647729
212326.7394829555
204776.2914870625
198931.4456850659
194052.53129034693
189720.7843563089
185696.04661120806
181840.53778755435
178066.72368878653
174311.0326082497
170530.0654303174
166753.486295554
162885.13528771882
158962.05995266378
154974.63306067616
150956.24982289106
146752.07901927375
142570.18945578343
138243.6952693413
133874.89925323884
129422.95598601502
124966.5010475306
120413.9802962535
115830.64142235591
111246.99449864963
106593.5987170419
101939.7031349463
97292.11542682888
92659.93909846265
88050.22398645285
83498.76943076377
78931.04773148712
74485.77885630644
70087.2352904525
65820.33376294193
61707.48640945388
57693.764586657446
53892.10956676225
50276.1277736189
46954.80275272313
43865.72981989508
41017.4793771164
38357.9277042029

1217635.1231736827
1075294.9915503864
952451.3157051695
836775.1399894423
728837.6887772365
626924.6479195999
536180.977278281
454546.1406639959
390180.69382186123
342241.87680465204
312812.86837333936
296808.85746917437
288033.44526130107
279755.485207607
271574.854435498
264573.37079171836
257760.06235405063
251348.43417064336
245173.47663155693
239215.1138448445
233461.19014432738
227653.6805206093
221885.44836178934
216112.54017072602
210207.59547800804
204155.0556975266
198073.57424823748
191969.5133965572
185760.0424372401
179610.06524075512
173326.1941196623
167161.95233589975
160735.8977452725
154676.43288680277
148351.94038943853
142083.21721913957
136582.587403452
130585.02650079482
124256.06230074067
119065.96410276263
112653.79407558293
109001.0694788952
103260.83937059755
98718.50556980603
93318.61291221117
89657.9403380831
86097.21457397942
81977.4176497952
78946.4947335927
75218.05077830232
72930.4202461019
70761.74538431597
69613.65244248646
67591.1358847889

43635.75713997253
