9494788.93799225
8114819.5605341075
7013660.684690458
6135197.088403129
5434126.893370513
4874693.80889722
4428362.079865252
4072300.6318384875
3788208.5571334977
3561554.0593573092
3380680.6116684433
3236365.5553929782
3121159.0742667066
3029296.403951083
2955991.540940676
2897499.205707795
2850822.647939802
2813580.0988046504
2783868.819060765
2760176.1860428383
2741244.3117456245
2726136.2613786263
2714089.2391087124
2704476.1385698584
2696814.716630309
2690684.260206161
2685806.1073927996
2681920.6649246803
2678816.6256046877
2676332.9109023176
2674355.4347039526
2672774.0074175266
2671519.3118708218
2670516.877132323
2669713.0939227464
2669073.6348769655
2668564.202333059
2668157.755050464
2667832.931136458
2667573.14145506
2667365.2331451704
2667199.7209687913
2667067.277917421
2666962.0938713434
2666879.015753686
2666812.2531900257
2666758.3560920837
2666715.3682376686
2666681.8906141696
2666654.2594457217
2666632.4314280697
2666615.4601868032
2666601.457062409
2666590.578722543
2666581.7337357355
2666574.94078428
2666569.4423319804
2666564.7670782492
2666561.292552255
2666558.5215412676
2666556.179812598
2666554.3628234025
2666552.7787753204
2666551.6116264723
2666550.5924015553
2666549.884192694
2666549.2879846673
2666548.8603666592

9878901.525280934
8496500.70197755
7393166.842677958
6512760.793733661
5809954.260813624
5248966.364893615
4801249.563939339
4443952.796660717
4158756.087164673
3931115.862233511
3749361.959512055
3604259.176431134
3488345.7773639685
3395858.399170189
3321992.260062461
3263001.405512575
3215878.4726714226
3178236.331638748
3148168.5878380374
3124158.361109195
3104938.9283946143
3089575.1201704848
3077299.100159434
3067481.672168676
3059639.599360881
3053342.6879506474
3048322.400162698
3044312.196212417
3041095.507754576
3038504.9845846305
3036436.1468017404
3034769.0070873126
3033442.1850723336
3032377.0298736407
3031515.0194345005
3030824.186593703
3030267.7164110583
3029819.482267459
3029458.543805084
3029166.211649532
3028929.263966126
3028738.3149640495
3028578.859621836
3028453.341905151
3028352.163394223
3028266.6730047693
3028199.9852958857
3028141.71709457
3028099.100858203
3028057.9479995635
3028027.1055570794
3028004.397288131
3027978.642462507
3027962.959471838
3027949.110902802
3027938.9874416688
3027928.443052007
3027915.0972653376
3027908.481508933
3027903.431475243
3027898.078386712
3027891.5595669094
3027886.0651716595
3027882.120650962
3027878.238322621
3027876.4499037517
3027874.31927514
3027871.723343595

43635.75713997253
