2542173.7744627227
2171150.617783993
1914276.1692674877
1603476.3065129654
1258131.498680728
919462.0477627403
624553.6641988283
427783.0463895768
358683.36755774036
342094.1311842086
332862.73303300166
327713.7398139888
323927.5070114748
321352.38081930083
319278.2313909827
317477.3259588409
315982.308665651
314611.7477473595
313431.3560157815
312254.86588316964
311241.23174147727
310484.5108266591
309889.69397546945
309551.2430657684
309908.4210300116
310633.49938045716
312398.8240870525
315210.38979529607
318005.6527879599
320388.48673059983
322358.3367689403
323996.4303611402
323865.76653758326
324359.3990956111
322812.32834938174
320982.9619339623
318363.1770260327
316385.51809076435
313275.12783087255
312942.7490742902
306806.0214949377
299434.45460305974
295612.0811081276
282727.01218974404
274246.4999472864
265236.2542516068

2862025.639893683
2425921.3164659487
2121889.1532718926
1760901.3824936873
1370054.3695833473
997532.6051741443
699292.9507951975
526707.6780388701
491917.66323087196
490227.3984216003
479571.0250625104
475118.71996225993
469328.6834045189
462490.7493110702
463931.89605391165
460440.47018734965
458520.56959018734
457327.5860050731
457185.69319470436
455748.98910711345
453542.6662926947
454171.10634999466
451270.7468062136
452515.3021070133
452254.0822949772
453740.0919844891
458853.4092452466
462952.72647228115
465830.09270417737
472207.93781687465
468193.21070778405
464963.21447867365
469961.20996469463
459380.75258817355
464962.5119593461
461029.78436032485
449237.733202041
439039.4435183237
441644.7483369088
425599.2118774291
428683.15798594535
413000.3305965644
425558.4269825478
397406.2717231542
386272.4231973729
376116.2327943604

43635.75713997253
