1997315.9751926924
1860362.2978224517
1727385.802746637
1597299.9213858836
1469867.445484246
1344315.8718481462
1223519.3469567348
1104265.7742213313
989430.5617671468
879989.1514766047
778489.7454712491
685951.2625050892
594821.9523605558
504962.45848548383
431354.53116919607
381976.3235215103
354686.52916612726
337735.1875577913
327069.9227269865
319291.8680206972
313152.6459593192
307788.0329720551
303174.7667122431
298733.6728679512
294613.803153249
290732.3493890377
287057.5724275553
283449.6505842081
279992.1278897244
276481.94688014314
272994.1047034331
269588.86217028636
266269.4893808952
262822.9154606487
259476.0939800234
256140.6079387897
253108.00979994255
249459.4793336671
246106.74410096603
242769.11586162183
239264.50493413175
235665.67562590656
231900.08372789234
227971.41959475094
224008.28388035455
219327.7760742218
214780.6716886006
209565.55636114842
204146.82248319092
198218.96065311297
192377.61172715187
184960.43251624407
177706.91522369874
169852.44191413096
161921.59057896372
153424.4481315369
145073.42772042772
136626.10969755406
128032.68267863209
119500.0353535676
112008.64921810181
106831.3441261369
100995.9451961217
94689.59218743426
88698.02869372714
82188.34222691387
76311.73343856975
70247.10909258899
64839.63612163284
59821.35821851253
55285.80587300061
50571.23546943113
46454.17621792637
42855.654235298236
39502.13625802119

2229625.676084275
2067426.870834687
1911916.1557333705
1761690.7057462868
1616711.6152321806
1477050.7864287018
1342422.8086720654
1215044.9874712448
1093733.7369605452
981446.5134352751
881418.0856165572
791371.5889682432
704206.1868883623
624659.3108522794
568205.2303026669
529432.7832135336
499783.70735875895
474737.02542578505
458449.6526301704
445160.4675741253
435389.07727819745
425242.8776846994
418451.94846048305
410468.21476819995
403960.2672354608
399260.9090571589
394560.5899711132
387680.0806196705
382710.8030741958
376029.7261672004
370236.0540978155
364940.7528116466
357494.46985762793
351682.54568631656
346790.9590769661
342607.507676934
338856.196261604
331293.2246817386
325568.29107082123
321831.8035399093
316546.2534957293
311378.8083446873
306077.4019424288
300231.91776277625
293732.5971606335
285810.9492943709
281330.9309208748
272292.98882510467
264447.35416444275
255981.29384433196
246569.29054505337
236207.72007338802
224206.51269797955
213326.39751515456
201030.1286580717
188962.73485833383
175743.80076786297
165033.20645985505
153219.6435704313
144224.60928208233
134656.1833861365
131804.8548752731
125277.04628579684
116944.9113379177
111052.85304821067
105021.54847618949
96585.8617394533
94275.5550279027
88304.33176081412
86912.11443732165
82154.40988279853
79304.96278377855
77098.67125580968
75846.36385559231
72611.42993608251

116905.93675385242
