2163359.840830045
1979715.5860308863
1763734.9606001652
1491130.5586113767
1151002.2596333905
743609.7462004912
501582.69414305326
410646.90268447925
337547.0475100709
303802.01866735745
295986.53075197054
294669.0967616801
293357.7733022824
292863.7152355514
293075.5351286501
292711.5102498022
293277.87859699095
294792.6161932694
297220.2978476865
301196.67296632
306702.1436177633
313768.9788721766
319642.5306097015
324776.968354869
327630.0534196433
326899.86697645904
322902.1411013901
316149.958328383
308337.2378738758
299160.2021282062
288585.1784398343
276806.4201938336
266219.5530335503
256701.10800552036
242004.65045829734
230457.39319897766
220800.40440229897
212437.8852832936
199817.19095928228
194924.2156253709
185221.54999961896
180925.33490970463
186295.78390270323
208051.2040098949

2422849.0138525995
2198151.5748999654
1945610.0810514807
1628733.3426441276
1240216.8612314868
811118.2156554046
600841.5116057678
525786.111422059
462336.5694613464
438116.5252776346
440858.5816029382
438772.1262801041
442085.4041048394
442681.30087403645
441205.9539767079
445570.50844889943
450516.76384507376
454684.17427384004
460588.7429693115
471513.3084757663
484643.5049139739
500172.1731698961
513524.30916222726
530387.2766295762
531854.7044944073
544788.8948492926
525221.5009793132
521442.82101906097
504755.0247918867
491627.3007384676
478590.4327980041
447037.7607778814
428416.4179752421
420949.85315862356
389945.10410833615
369563.8836514263
345645.58981179894
333179.04946272133
307572.7622787614
285242.5960465378
266731.84485096147
249532.132333988
227014.70475781063
212777.26748276444

43635.75713997253
